1 0.62875 0.805625 0.14083333333333334 0.18375
1 0.8429166666666666 0.7575 0.16916666666666666 0.135
1 0.57125 0.591875 0.09583333333333334 0.10125
1 0.7625 0.6225 0.115 0.1225
1 0.52 0.49 0.07833333333333334 0.085
1 0.6695833333333333 0.50625 0.0925 0.095
1 0.90375 0.581875 0.12583333333333332 0.07625
1 0.71875 0.405625 0.07083333333333333 0.06125
1 0.5929166666666666 0.3675 0.06416666666666666 0.0575
1 0.9295833333333333 0.471875 0.12583333333333332 0.11375
1 0.08208333333333333 0.245625 0.0475 0.04375
1 0.79625 0.45125 0.08916666666666667 0.0575
1 0.67625 0.3475 0.059166666666666666 0.0475
1 0.4583333333333333 0.2625 0.04833333333333333 0.055
1 0.9470833333333334 0.915 0.10583333333333333 0.17
